0  10928.61477768  0  0.00000000
1  10931.00066440  1  0.00000000
2  10933.37880391  2  0.00000000
3  10935.74923248  3  0.00000000
4  10938.11198614  4  0.00000000
5  10940.46710063  5  0.00000000
6  10942.81461147  6  0.00000000
7  10945.15455391  7  0.00000000
8  10947.48696294  8  0.00000000
9  10949.81187332  9  0.00000000
10  10952.12931956  10  0.00000000
11  10954.43933591  11  0.00000000
12  10956.74195641  12  0.00000000
13  10959.03721483  13  0.00000000
14  10961.32514472  14  0.00000000
15  10963.60577940  15  0.00000000
16  10965.87915195  16  0.00000000
17  10968.14529521  17  0.00000000
18  10970.40424182  18  0.00000000
19  10972.65602417  19  0.00000000
20  10974.90067444  20  0.00000000
21  10977.13822458  21  0.00000000
22  10979.36870633  22  0.00000000
23  10981.59215121  23  0.00000000
24  10983.80859051  24  0.00000000
25  10986.01805534  25  0.00000000
26  10988.22057656  26  0.00000000
27  10990.41618485  27  0.00000000
28  10992.60491067  28  0.00000000
29  10994.78678428  29  0.00000000
30  10996.96183574  30  0.00000000
31  10999.13009488  31  0.00000000
32  11001.29159138  32  0.00000000
33  11003.44635468  33  0.00000000
34  11005.59441404  34  0.00000000
35  11007.73579852  35  0.00000000
36  11009.87053700  36  0.00000000
37  11011.99865816  37  0.00000000
38  11014.12019049  38  0.00000000
39  11016.23516230  39  0.00000000
40  11018.34360169  40  0.00000000
41  11020.44553661  41  0.00000000
42  11022.54099481  42  0.00000000
43  11024.63000385  43  0.00000000
44  11026.71259114  44  0.00000000
45  11028.78878388  45  0.00000000
46  11030.85860911  46  0.00000000
47  11032.92209370  47  0.00000000
48  11034.97926433  48  0.00000000
49  11037.03014753  49  0.00000000
50  11039.07476963  50  0.00000000
51  11041.11315683  51  0.00000000
52  11043.14533513  52  0.00000000
53  11045.17133039  53  0.00000000
54  11047.19116828  54  0.00000000
55  11049.20487432  55  0.00000002
56  11051.21247387  56  0.00000013
57  11053.21399214  57  0.00000097
58  11055.20945416  58  0.00000716
59  11057.19888481  59  0.00005235
60  11059.18230882  60  0.00038046
61  11061.15975077  61  0.00274856
62  11063.13123506  62  0.01973834
63  11065.09678598  63  0.14090891
64  11067.05642762  64  1.00000000
65  11069.01018397  65  7.05513941
66  11070.95807883  66  49.48409029
67  11072.90013588  67  345.05653112
68  11074.83637865  68  2392.15766927
69  11076.76683051  69  16488.24347088
70  11078.69151470  70  112993.67039421
71  11080.61045433  71  769908.30480203
72  11082.52367233  72  5216017.32293193
73  11084.43119152  73  35136952.10629788
74  11086.33303459  74  235355329.46411449
75  11088.22922407  75  1567576212.10642576
76  11090.11978236  76  10382159529.64823723
77  11092.00473173  77  68377120447.88669586
78  11093.88409431  78  447824248049.23358154
79  11095.75789210  79  2916672356947.03857422
80  11097.62614697  80  18891238243463.62890625
81  11099.48888065  81  121684534151913.06250000
82  11101.34611475  82  779510384936249.37500000
83  11103.19787075  83  4966258455376217.00000000
84  11105.04417000  84  31467837022375028.00000000
85  11106.88503371  85  198309649399706976.00000000
86  11108.72048300  86  1242994890843568128.00000000
87  11110.55053883  87  7749121868729621504.00000000
88  11112.37522204  88  48050990421985787904.00000000
89  11114.19455338  89  296365675484991586304.00000000
90  11116.00855343  90  1818185196245259386880.00000000
91  11117.81724270  91  11095372386719257067520.00000000
92  11119.62064152  92  67351619510804722745344.00000000
93  11121.41877017  93  406691776283635036979200.00000000
94  11123.21164875  94  2442882995801512162099200.00000000
95  11124.99929729  95  14597166476111976691924992.00000000
96  11126.78173567  96  86770422879862148521000960.00000000
97  11128.55898367  97  513122094423653086486593536.00000000
98  11130.33106097  98  3018728847512657724818063360.00000000
99  11132.09798710  99  17668121375337290808571199488.00000000
